[gd_scene load_steps=9 format=2]

[ext_resource path="res://default_env.tres" type="Environment" id=1]
[ext_resource path="res://Maps/TESTMAT.tres" type="Shader" id=2]
[ext_resource path="res://Player/MAIN_GUY.cs" type="Script" id=3]
[ext_resource path="res://Player/CameraControl.cs" type="Script" id=4]

[sub_resource type="CapsuleShape" id=5]

[sub_resource type="CapsuleMesh" id=1]
radial_segments = 16
rings = 4

[sub_resource type="ShaderMaterial" id=3]
shader = ExtResource( 2 )

[sub_resource type="ConvexPolygonShape" id=4]
points = PoolVector3Array( 0, 0, 0, 0.834, 0.8, 0.92, -0.83, 0.8, 0.92, 0.83, -0.8, 0.92, -0.83, -0.8, 0.92 )

[node name="MAIN_GUY" type="KinematicBody"]
input_ray_pickable = false
moving_platform_apply_velocity_on_leave = 1
script = ExtResource( 3 )
_accel = 4.0
max_speed = 40.0
gravity = 1.5
max_rot = 15.0
term_vol = -12.0

[node name="CollisionShape" type="CollisionShape" parent="."]
transform = Transform( 1, 0, 0, 0, -4.37114e-08, -1, 0, 1, -4.37114e-08, 0, 1.5, 0 )
shape = SubResource( 5 )

[node name="MeshInstance" type="MeshInstance" parent="."]
transform = Transform( 1, 0, 0, 0, -4.37114e-08, -1, 0, 1, -4.37114e-08, 0, 1.5, 0 )
mesh = SubResource( 1 )
skeleton = NodePath("../..")
material/0 = SubResource( 3 )

[node name="CamPoint" type="Spatial" parent="."]
transform = Transform( 1, 0, 0, 0, 1, 0, 0, 0, 1, 0, 1, 0 )
script = ExtResource( 4 )

[node name="Camera" type="Camera" parent="CamPoint"]
transform = Transform( -1, -2.26267e-08, 8.44439e-08, 0, 0.965926, 0.258819, -8.74228e-08, 0.258819, -0.965926, 0, 3, -8 )
environment = ExtResource( 1 )
current = true
fov = 85.0
far = 500.0

[node name="RigidBody" type="RigidBody" parent="CamPoint/Camera"]
transform = Transform( -1, 0, -8.74228e-08, -2.26267e-08, 0.965926, 0.258819, 8.44439e-08, 0.258819, -0.965926, 0, 0, 0 )

[node name="CollisionShape" type="CollisionShape" parent="CamPoint/Camera/RigidBody"]
transform = Transform( 1, 0, 0, 0, 0.965926, -0.258819, 0, 0.258819, 0.965926, -5.68434e-14, 0, 9.53674e-07 )
shape = SubResource( 4 )
